00000000
00000000
00000000
11101111
00000110
00000000
10000100
01100011
00000110
00000000
10010010
01100011
00000110
00010000
01010000
01100011
00000100
00000000
11011110
01100011
00000100
00000000
11001100
01100011
00000100
00010000
01001010
01100011
00000100
00110010
01001000
01100011
00000100
00110010
01010110
01100011
00000100
00110010
01100100
01100011
00000100
00110010
01110010
01100011
00011110
10100001
10000010
10110111
10100001
10000000
00000010
10010011
00000000
00000010
10000011
00010011
11111111
11110010
11000011
10010011
01000000
01010000
00001110
00110011
00000000
00010001
10110000
10010011
00000000
00110000
00110000
10110011
00000000
00000001
10100000
10110011
00000000
00110000
00100000
10110011
00000001
11000000
00000000
01101111
00000001
01000000
10000000
11100111
00000001
00000000
00000000
11101111
00000000
00000001
10000000
01100111
00000000
00000010
00000000
11100111
00000000
01000011
00000000
01100111
00000000
00000000
10000000
01100111
11111110
00000001
00000001
00010011
00000000
00010001
00101110
00100011
00000000
10000001
00101100
00100011
00000010
00000001
00000100
00010011
11111110
11110100
00100110
00100011
11111110
11110100
00100100
00100011
11111110
01000100
00100111
00000011
11111110
10000100
00100111
10000011
00000000
11110111
00000111
10110011
00000001
11000001
00100000
10000011
00000001
10000001
00100100
00000011
00000010
00000001
00000001
00010011
11111110
00000001
00000001
00010011
00000000
00010001
00101110
00100011
00000000
10000001
00101100
00100011
00000010
00000001
00000100
00010011
11111110
10100100
00100110
00100011
11111110
10110100
00100100
00100011
11111110
11000100
00100111
00000011
11111110
10000100
00100111
10000011
00000000
11110111
00000111
10110011
00000000
00000111
10000101
00010011
00000001
11000001
00100000
10000011
00000001
10000001
00100100
00000011
00000010
00000001
00000001
00010011
00000000
00000000
10000000
01100111
11111110
00000001
00000001
00010011
00000000
00010001
00101110
00100011
00000000
10000001
00101100
00100011
00000010
00000001
00000100
00010011
00000010
10100000
00000111
10010011
11111110
11110100
00100110
00100011
11111110
11000100
00100111
10000011
01000000
11110000
00000111
10110011
11111110
11110100
00100100
00100011
11111110
11000100
00100111
10000011
11111111
11110111
11000111
10010011
11111110
11110100
00100010
00100011
11111110
11000100
00100111
00000011
11111110
10000100
00100111
10000011
00000000
11100111
11010110
01100011
11111110
11000100
00100111
10000011
00000001
01000000
00000000
01101111
11111110
01000100
00100101
10000011
11111110
11000100
00100101
00000011
11110111
11000000
10000000
11100111
00000000
00000000
00000111
10010011
00000000
00000111
10000101
00010011
00000001
11000001
00100000
10000011
00000001
10000001
00100100
00000011
00000010
00000001
00000001
00010011
00000000
00000000
10000000
01100111
