00000000000000000000000011101111
00000110000000001000010001100011
00000110000000001001001001100011
00000110000100000101000001100011
00000100000000001101111001100011
00000100000000001100110001100011
00000100000100000100101001100011
00000100001100100100100001100011
00000100001100100101011001100011
00000100001100100110010001100011
00000100001100100111001001100011
00011110101000011000001010110111
10100001100000000000001010010011
00000000000000101000001100010011
11111111111100101100001110010011
01000000010100000000111000110011
00000000000100011011000010010011
00000000001100000011000010110011
00000000000000011010000010110011
00000000001100000010000010110011
00000001110000000000000001101111
00000001010000001000000011100111
00000001000000000000000011101111
00000000000000011000000001100111
00000000000000100000000011100111
00000000010000110000000001100111
00000000000000001000000001100111
11111110000000010000000100010011
00000000000100010010111000100011
00000000100000010010110000100011
00000010000000010000010000010011
11111110111101000010011000100011
11111110111101000010010000100011
11111110010001000010011100000011
11111110100001000010011110000011
00000000111101110000011110110011
00000001110000010010000010000011
00000001100000010010010000000011
00000010000000010000000100010011
11111110000000010000000100010011
00000000000100010010111000100011
00000000100000010010110000100011
00000010000000010000010000010011
11111110101001000010011000100011
11111110101101000010010000100011
11111110110001000010011100000011
11111110100001000010011110000011
00000000111101110000011110110011
00000000000001111000010100010011
00000001110000010010000010000011
00000001100000010010010000000011
00000010000000010000000100010011
00000000000000001000000001100111
11111110000000010000000100010011
00000000000100010010111000100011
00000000100000010010110000100011
00000010000000010000010000010011
00000010101000000000011110010011
11111110111101000010011000100011
11111110110001000010011110000011
01000000111100000000011110110011
11111110111101000010010000100011
11111110110001000010011110000011
11111111111101111100011110010011
11111110111101000010001000100011
11111110110001000010011100000011
11111110100001000010011110000011
00000000111001111101011001100011
11111110110001000010011110000011
00000001010000000000000001101111
11111110010001000010010110000011
11111110110001000010010100000011
11110111110000001000000011100111
00000000000000000000011110010011
00000000000001111000010100010011
00000001110000010010000010000011
00000001100000010010010000000011
00000010000000010000000100010011
00000000000000001000000001100111
